17,2
17,1
17,3
15,2
15,1
15,3
16,2
16,1
16,3
3,2
3,1
3,3
8,6
23,2
23,3
9,2
9,1
9,3
8,7
8,1
8,5
8,2
8,3
12,2
12,1
12,3
20,2
20,1
20,3
19,2
19,1
19,3
24,13
24,12
24,11
24,10
24,9
24,8
24,7
24,6
24,5
24,4
24,3
24,2
24,1
24,0
23,123
23,122
23,121
23,120
23,119
23,118
23,117
23,116
23,115
23,114
23,113
23,112
23,111
23,110
23,109
23,108
23,107
23,106
23,105
23,104
23,103
23,102
23,101
23,100
23,99
23,98
23,97
23,96
23,95
23,94
23,93
23,92
23,91
23,90
23,89
23,88
23,87
23,86
23,85
23,84
23,83
23,82
23,81
23,80
23,79
23,78
23,77
23,76
23,75
23,74
23,73
23,72
23,71
23,70
23,69
23,68
